# Данные для построения графика МНК
# x f(x) P1(x) P2(x) P3(x)
-1,230000 -0,693500 -1,363345 -2,745227 -0,510057
0,000000 -1,274500 -0,819665 -1,372418 -1,819452
1,230000 -1,627900 -0,275985 -0,183860 -1,822984
2,460000 -1,758100 0,267695 0,820447 -0,893183
3,690000 -0,269300 0,811375 1,640503 0,597424
4,920000 3,172500 1,355055 2,276309 2,276309
6,150000 4,724500 1,898735 2,727863 3,770942
7,380000 4,851700 2,442415 2,995167 4,708797
8,610000 3,943800 2,986095 3,078220 4,717344
9,840000 2,871200 3,529775 2,977022 3,424056
11,070000 0,965200 4,073455 2,691573 0,456404
# Расширенные данные для гладкого графика
# x P1(x) P2(x) P3(x)
-1,230000 -1,363345 -2,745227 -0,510057
-1,107000 -1,308977 -2,599654 -0,710378
-0,984000 -1,254609 -2,455925 -0,894287
-0,861000 -1,200241 -2,314038 -1,062157
-0,738000 -1,145873 -2,173993 -1,214360
-0,615000 -1,091505 -2,035791 -1,351270
-0,492000 -1,037137 -1,899431 -1,473259
-0,369000 -0,982769 -1,764914 -1,580699
-0,246000 -0,928401 -1,632240 -1,673963
-0,123000 -0,874033 -1,501407 -1,753423
0,000000 -0,819665 -1,372418 -1,819452
0,123000 -0,765297 -1,245271 -1,872422
0,246000 -0,710929 -1,119966 -1,912706
0,369000 -0,656561 -0,996504 -1,940677
0,492000 -0,602193 -0,874885 -1,956707
0,615000 -0,547825 -0,755108 -1,961168
0,738000 -0,493457 -0,637173 -1,954433
0,861000 -0,439089 -0,521081 -1,936875
0,984000 -0,384721 -0,406832 -1,908865
1,107000 -0,330353 -0,294425 -1,870778
1,230000 -0,275985 -0,183860 -1,822984
1,353000 -0,221617 -0,075138 -1,765857
1,476000 -0,167249 0,031741 -1,699770
1,599000 -0,112881 0,136778 -1,625094
1,722000 -0,058513 0,239973 -1,542202
1,845000 -0,004145 0,341325 -1,451467
1,968000 0,050223 0,440834 -1,353262
2,091000 0,104591 0,538501 -1,247958
2,214000 0,158959 0,634326 -1,135928
2,337000 0,213327 0,728308 -1,017546
2,460000 0,267695 0,820447 -0,893183
2,583000 0,322063 0,910744 -0,763212
2,706000 0,376431 0,999198 -0,628005
2,829000 0,430799 1,085810 -0,487935
2,952000 0,485167 1,170580 -0,343375
3,075000 0,539535 1,253506 -0,194697
3,198000 0,593903 1,334591 -0,042273
3,321000 0,648271 1,413833 0,113523
3,444000 0,702639 1,491232 0,272320
3,567000 0,757007 1,566789 0,433744
3,690000 0,811375 1,640503 0,597424
3,813000 0,865743 1,712375 0,762987
3,936000 0,920111 1,782404 0,930060
4,059000 0,974479 1,850591 1,098270
4,182000 1,028847 1,916935 1,267246
4,305000 1,083215 1,981437 1,436615
4,428000 1,137583 2,044097 1,606003
4,551000 1,191951 2,104913 1,775040
4,674000 1,246319 2,163888 1,943351
4,797000 1,300687 2,221019 2,110565
4,920000 1,355055 2,276309 2,276309
5,043000 1,409423 2,329755 2,440210
5,166000 1,463791 2,381360 2,601896
5,289000 1,518159 2,431121 2,760995
5,412000 1,572527 2,479041 2,917134
5,535000 1,626895 2,525117 3,069940
5,658000 1,681263 2,569351 3,219041
5,781000 1,735631 2,611743 3,364064
5,904000 1,789999 2,652292 3,504637
6,027000 1,844367 2,690999 3,640387
6,150000 1,898735 2,727863 3,770942
6,273000 1,953103 2,762885 3,895929
6,396000 2,007471 2,796064 4,014976
6,519000 2,061839 2,827401 4,127710
6,642000 2,116207 2,856895 4,233759
6,765000 2,170575 2,884546 4,332750
6,888000 2,224943 2,910356 4,424310
7,011000 2,279311 2,934322 4,508068
7,134000 2,333679 2,956446 4,583650
7,257000 2,388047 2,976728 4,650683
7,380000 2,442415 2,995167 4,708797
7,503000 2,496783 3,011764 4,757617
7,626000 2,551151 3,026518 4,796772
7,749000 2,605519 3,039429 4,825888
7,872000 2,659887 3,050498 4,844594
7,995000 2,714255 3,059725 4,852517
8,118000 2,768623 3,067109 4,849284
8,241000 2,822991 3,072650 4,834523
8,364000 2,877359 3,076349 4,807861
8,487000 2,931727 3,078206 4,768925
8,610000 2,986095 3,078220 4,717344
8,733000 3,040463 3,076391 4,652745
8,856000 3,094831 3,072720 4,574754
8,979000 3,149199 3,067207 4,483000
9,102000 3,203567 3,059851 4,377111
9,225000 3,257935 3,050652 4,256712
9,348000 3,312303 3,039611 4,121433
9,471000 3,366671 3,026728 3,970901
9,594000 3,421039 3,012002 3,804742
9,717000 3,475407 2,995433 3,622584
9,840000 3,529775 2,977022 3,424056
9,963000 3,584143 2,956769 3,208784
10,086000 3,638511 2,934672 2,976396
10,209000 3,692879 2,910734 2,726519
10,332000 3,747247 2,884953 2,458780
10,455000 3,801615 2,857329 2,172809
10,578000 3,855983 2,827863 1,868230
10,701000 3,910351 2,796554 1,544673
10,824000 3,964719 2,763403 1,201765
10,947000 4,019087 2,728410 0,839133
11,070000 4,073455 2,691573 0,456404
